mycolormap=[
255 255 255 ;
72	130	255	;   % NAO
72	110	238	;
72	90	225	;
72	70	205	;
72	50	171	;
72	30	139	;
0	255	255	;   % EA
0	235	235	;
0	215	215	;
0	195	195	;
0	175	175	;
0	155	155	;
224	102	255	;   % WP
191	62	255	;
178	58	238	;
154	50	205	;
148	0	211	;
104	34	139	;
128	235	195	;   % PNA
0	230	175	;
0	225	155	;
0	220	135	;
0	215	115	;
0	210	 95	;
255	0	255	;   % EAWR
235	0	235	;
215	0	215	;
195	0	195	;
175	0	175	;
155	0	155	;
255	180	190	;   % SCA
255	130	170	;
255	100	160	;
238	 90	150	;
205	 80	140	;
185	 70	130	;
173	255	47	;   % POL
202	255	112	;
188	238	104	;
162	205	90	;
110	139	61	;
85	107	47	;
255	250	205	;   %
255	246	143	;
255	255	0	;
238	238	0	;
205	205	0	;
139	139	0	;
255	215	0	;   %
255	193	37	;
255	185	15	;
238	173	14	;
205	149	12	;
139	101	8	;
255	106	106	;   %
255	64	64	;
238	59	59	;
205	51	51	;
178	34	34	;
139	35	35	;
];